0.09828994400202588355,-0.00867010977034357068,0.00304551616325734629,-0.00222588147262858371,-0.01199577114223248503,0.00176948079999083782,0.02171099404569381761,0.03994543208290758651,0.07141689673542363226,-0.08176567973269471823,0.02562723859644082738,0.00258027282890278386,0.07554702972886243040,-0.01088266348497146131,0.16947863948365096687,-0.00146121757089230533,-0.01282107772572655020,0.08836430000159757603,-0.00568423770028614675,0.02907102235305419197,-0.01516328524367504052,0.00392854653533704357,-0.05958332504601176333,-0.00053086760162514616,-0.00000000000000003339,-0.00000000000000001994,-0.00242260695149736690,0.00362440555166513570,-0.00550937173007024199,0.00268996328828146171,0.01736643895653527947,-0.01667003297594954123,0.08838739226710468078,0.00000000000000000781,-0.00667046759674154444,-0.08589314348197303606,0.00000000000000003084,0.00000000000000006896,0.00311199952867569725,0.00354110766575170760,-0.01238225846242234363,0.00224494697782303288,-0.00505229551065974544,-0.00627168246876832688,0.00071578007544527444,0.00000000000000000385,0.01563568621689331514,0.00135963327278196028,0.00439024762155450568,-0.01898984995887121122,-0.00951062233454118104,-0.00189964609816461604,-0.00189101073355586930,-0.00446661222854767212,0.00339659166676532136,-0.01239065937025986795,-0.01599551974008768182,-0.03794982858753281896,-0.00030852883435155700,-0.00223202799270988276,-0.00571029461015223807,-0.00175335962029208280
-0.00867010977034357068,2.75339834228618007828,0.02047825475725535693,-0.00677663404354765953,0.00972233365713202208,-0.00832188200295923622,-0.15406086002877036889,0.26548235823409027656,0.03703887398192647756,1.11394415145928848965,-0.18252748882794184171,-0.08088767068419658313,-0.57323134817936427510,0.03361082855919809292,0.00852095643642170573,-0.08690012234215946374,0.14623786162245100417,-0.35763605265627379515,0.03848559350362947690,-0.19299073825101806245,-0.02852735236478353906,-0.31993196892614511606,0.20256443750636032863,0.03565033885513491790,-0.00000000000009608020,0.00000000000006597660,-0.02849582032933784675,0.00925472767092759725,0.02539354308699941221,0.02326674844064691161,-0.00380760868037246679,-0.00413077411166759383,0.11154956159830806128,0.00000000000003277314,0.00174075961093719117,-0.06618030896623058879,0.00000000000002657659,0.00000000000020022479,0.00692917157588318362,0.02739729915131318763,0.01979417899082268686,0.02778283773238430718,-0.00005731350981041864,-0.00453262208275371104,-0.03599949578594292821,0.00000000000000315383,0.03398440897554642209,-0.00578436444100451953,0.03212072977710964117,0.06801066282152480602,-0.00824410756388866892,-0.02344446767877514035,-0.14564715880684109273,0.07532330784128746237,0.00733442163949669414,0.01547762135456703068,-0.12202044876641864046,-0.02096243080017654720,0.00422559550098030191,-0.11628476643348296948,-0.02654406341993592253,0.02044459040675652289
0.00304551616325734629,0.02047825475725535693,0.00642157915756854346,0.00102511367107414202,-0.00064051545215559652,-0.00063899735575097749,0.00420685386137038732,0.01677615228042754481,-0.00205520705352907774,0.00126479245394655595,-0.00443489980249514495,-0.00528098439529117464,0.01389325032420628790,-0.00510820528720780462,0.01654233402331338823,0.00839969405329604735,-0.00949280125621584578,0.01139372717007056460,-0.00539868784185399374,0.00974830793705682222,-0.00692037349192564048,0.00322448531933634385,-0.00134847616184875937,-0.00767058958389640541,-0.00000000000001622069,0.00000000000000960200,-0.00129722861341165902,0.00496842985640891070,-0.00106409257564457475,-0.00123065562376379429,0.00110164879034878598,-0.00078722445858625534,-0.01141499701587246444,0.00000000000000146951,-0.00211743520383914259,0.01361770593275780754,0.00000000000000099918,0.00000000000002153307,0.00450033037145486457,0.00132475907688326148,0.00024700550383175199,0.00160218678845357480,-0.00073489654777636449,0.00437184079749799916,0.00061831645435327695,-0.00000000000000028677,-0.00114388584607077190,0.00043356039829423173,0.00167320521015338003,-0.00203476106464006018,0.00151594033164390214,-0.00073331274800854775,-0.00213143830573202632,-0.00129170359797340642,0.00119236367287353824,-0.00338992098615413040,-0.00531988967072514422,0.00225608094245677120,-0.00086008039497937770,-0.00001783162462844519,0.00170186212769323940,0.00070973099635895931
-0.00222588147262858371,-0.00677663404354765953,0.00102511367107414202,0.00264613632780617706,-0.00158097824513510148,-0.00105014316617334908,0.00186671209545080977,0.02058635855530499548,-0.00233460349017733512,-0.00339737131909770892,-0.00511772114433450571,0.00198936003189576502,0.00028246178146994704,-0.00692834868353253263,0.00309297552517312285,0.00302998108809463679,0.01060407231763596352,0.01706997179949777330,0.00216569321323555487,-0.01010586457065426776,-0.00557359282074054632,-0.00937857412779732891,-0.01028013210489250699,-0.01558936946230368367,-0.00000000000000673033,0.00000000000000480191,-0.00174944195258924058,0.00083433287973518414,-0.00104824451403839154,-0.00087184921875467026,-0.00063620504564526419,-0.00045622050365126015,-0.00529150854684474602,0.00000000000000118835,-0.00092676743268628329,0.00466460619317319442,0.00000000000000025538,0.00000000000001125564,0.00138818971558410929,-0.00005539366757895185,-0.00000025969029163266,0.00038694767929779635,-0.00059729032880012807,0.00044112933387707476,-0.00100412702959592755,0.00000000000000010195,-0.00062901354832244506,-0.00047381508403521942,0.00106330740586121257,-0.00157663693564138530,0.00224348104639162261,-0.00010974385650189152,-0.00003735780442459465,-0.00149610334550664493,0.00015022312181575017,0.00041388539682332898,-0.00066070930277127777,0.00110513316449714237,-0.00009850962035994915,-0.00045847414596947929,-0.00077879358887760310,0.00034867153554030052
-0.01199577114223248503,0.00972233365713202208,-0.00064051545215559652,-0.00158097824513510148,0.00614233917906679625,0.00073423414542777589,-0.00579759698899512139,-0.01314161477591618658,-0.01693758034337710869,0.03073992916361033972,-0.00067224520293004378,0.01992989299305805012,-0.01728489168620980440,-0.01287059591330660946,-0.05310085071713079030,0.00158481085865616492,-0.01549811914891645326,-0.03298306621746618233,-0.00324576339255479383,0.01516767219284654092,-0.00924014254324089478,0.00876385476321626077,0.00200453227660251070,0.02176381767282449878,0.00000000000000067193,-0.00000000000000093240,0.00249430741134645372,-0.00151541866498814196,-0.00433176305576534262,-0.00078836887023528543,0.00164703341830046718,0.00114739096284720375,-0.00354881788679144768,-0.00000000000000055112,0.00028716693564041556,0.00490335404878445690,0.00000000000000019749,0.00000000000000000050,-0.00134641325424229050,-0.00054692167885525675,-0.00109362896899983472,0.00111979554900119719,0.00119978923001664455,0.00153916294057049124,0.00230671071974402958,-0.00000000000000017500,-0.00164681785191667356,0.00008779269913922392,-0.00222115027045227502,0.00538373266173941805,0.00266284197656217183,0.00030077115708431552,-0.00033848909873146515,0.00107080665520181890,0.00055286027318881138,0.00232951403485714189,0.00103923128877738877,0.00547404086207848358,-0.00032926986704100121,0.00134022858499430165,0.00306746357378672851,-0.00165944762460799844
0.00176948079999083782,-0.00832188200295923622,-0.00063899735575097749,-0.00105014316617334908,0.00073423414542777589,0.00208705115812934114,0.00084422800920729599,-0.00741468238686259981,0.00397535522553802388,-0.00548019222182936742,-0.00336566362570984295,0.00791129762035814969,0.00256898808366565591,0.00014670435886806794,-0.01087784855924279863,-0.00228659701837039594,0.01518009102565804139,-0.01147569563267685985,-0.00302606989524839684,-0.00628788650775944855,0.00271116683889576588,0.01000499942312072128,-0.00318102185341934260,0.00588869679363512432,-0.00000000000000043220,-0.00000000000000072267,-0.00012607353360930378,0.00066658370130264725,-0.00137473233082601592,-0.00030545788735764345,0.00195174344466220672,0.00008032224531056020,0.00183953491224410110,-0.00000000000000024137,0.00024696068341437328,-0.00207607118017597188,-0.00000000000000040443,0.00000000000000017201,-0.00008818609405293424,-0.00034808561893086352,-0.00084170948614122033,-0.00043969187880138239,0.00071531071394919114,-0.00146753179454969383,0.00022040968878832379,-0.00000000000000023958,0.00189460734586335551,0.00024521606727650552,-0.00062108750204418236,0.00083630714507208488,-0.00292567944507762237,0.00029766276519576783,0.00104945131198448021,0.00037808958391515431,-0.00085286297227474500,-0.00002378146409069842,0.00364233957890969327,-0.00077011300368637250,-0.00012516384471937821,0.00045383659391921567,0.00097231721880264993,0.00025081357154560296
0.02171099404569381761,-0.15406086002877036889,0.00420685386137038732,0.00186671209545080977,-0.00579759698899512139,0.00084422800920729599,1.33776757674007629184,2.05522916490242302245,0.06138582650173944610,-2.35629491467181084730,-1.46975444016440603967,0.26365014983059481546,2.76965997043003220313,0.01887770595913537339,-0.02441987992661111273,-0.25449799572610926068,0.12125471962580479379,-0.16088144882647181788,0.45003502221746799483,-0.28830889846380552965,0.25706878597328536307,-0.92077299622774588794,0.31732542953140796538,-0.60456387890323715073,-0.00000000000003106818,0.00000000000002859730,0.02313452467369100929,0.03690227726789740981,0.00141408211528173781,-0.01120866932979299596,0.01492054934835738977,-0.02291039590435769643,0.24828511883270296123,0.00000000000000438808,-0.00343906387369687138,-0.20981705867521849296,0.00000000000000444278,0.00000000000005577904,0.04246407210085977046,-0.01927957962889936816,-0.03106348287753287613,0.01092185672658857291,-0.01939081099784701473,0.02030393807550141816,0.01275812238376136838,-0.00000000000000115278,-0.02721133902563080062,-0.00444571718056030029,0.03270483549289458780,-0.01899543032322095412,0.01819288328518979883,0.01082040279776242363,-0.01437806447598389929,0.00316324304100479552,0.00115531317902698122,-0.00627299208030687120,0.02664687311742771833,-0.01596240715025173604,0.01535842784192403832,0.03095410439502129310,-0.00837371867485736839,-0.00887839153464149711
0.03994543208290758651,0.26548235823409027656,0.01677615228042754481,0.02058635855530499548,-0.01314161477591618658,-0.00741468238686259981,2.05522916490242302245,27.19223842007272295973,2.88463310620034008025,-2.81523356700507987327,-15.60723821488376472644,1.53259103671712826333,2.38631115316719277786,-8.06996998817117372482,0.54240517904912644020,0.14516165036601610949,-0.35683316711376855679,0.23170203497593480635,-0.19135703195885969685,0.09087656163991378322,-0.35874685163776270924,0.29691699615784894473,-0.37624803099963649577,0.36938207667671446588,0.00000000000012212853,-0.00000000000005747630,-0.07282184654361111009,0.04212104440313670095,-0.04227319966835629134,-0.09370463052182279040,-0.07516211059103020120,0.07399407380712547111,0.07576559047797229440,-0.00000000000002542109,0.08043353043441872630,-0.07098567671043011507,-0.00000000000001115722,-0.00000000000023418334,0.09666248015914653824,0.03180357175579170970,-0.06210092878759191498,0.03468154348711515594,0.00645181420862915491,0.00225948583222246010,-0.01537266074061174360,-0.00000000000000886275,0.00638756897675419894,-0.01085269034850518816,0.12934469452312458149,-0.00354444239637153246,-0.07939229647224108066,-0.03355681562119194883,-0.09602875852428655046,-0.05207095477877216050,0.00402754906929990962,0.06829983244086534899,-0.19740130129068600429,-0.31361149253210385268,0.03844397216210106855,0.02056759994704755387,-0.03243223125034675608,-0.07249990237503713131
0.07141689673542363226,0.03703887398192647756,-0.00205520705352907774,-0.00233460349017733512,-0.01693758034337710869,0.00397535522553802388,0.06138582650173944610,2.88463310620034008025,5.91113830737479606370,-0.01135629481390963355,-0.76572498735996996633,-9.75992921286588455132,-0.10780024249451945761,0.20207636123277586404,9.41865559328290125052,-0.06276423531258842892,0.21299068548435767800,0.09940901069382063193,0.00631893116504541989,-0.16062464684822075345,-0.07061326455074075359,-0.18026638401535516332,-0.22940585735394847244,0.15320056396065839799,0.00000000000015906163,-0.00000000000009216363,-0.00755234730649681843,0.01049864474156438077,0.00569359805437159860,-0.02446071755091182645,-0.02180822629487289693,0.03705927965033504329,0.07093958002794148454,-0.00000000000002536292,0.04373965489803107592,-0.07173165266532900708,-0.00000000000003340215,-0.00000000000026086527,-0.00673646320713220097,0.00361396273417045628,-0.04275897142860294459,0.00171952005742254783,0.00654295150931510743,-0.03533743552477655592,-0.01556510307734611763,-0.00000000000000890287,0.07385365736349132348,0.00226586520760381884,0.02079091459695577015,-0.08007268844666859398,-0.08779118720611273075,-0.01844264478274031116,-0.01895295155074873741,-0.01764267624440229651,0.00278230728838812710,0.02611905881902718690,-0.05230528297361293488,-0.14135148026716654046,0.01905008805444825121,-0.00687816937287152961,0.00633063209562206939,-0.01395858403424355375
-0.08176567973269471823,1.11394415145928848965,0.00126479245394655595,-0.00339737131909770892,0.03073992916361033972,-0.00548019222182936742,-2.35629491467181084730,-2.81523356700507987327,-0.01135629481390963355,6.32615001412881561293,1.74126385991211196647,-0.49295581416957101606,-5.70927207272019199280,-0.07612885683374985557,-0.05067262278489957639,0.20788125776976326686,0.29654307666401358290,-0.27873787603089178466,-0.57556119684951057014,0.15718201865569103592,-0.28045714973767638112,1.09042359757729978575,-0.46468173851697242016,0.89703622524435400187,-0.00000000000001444338,0.00000000000001406105,-0.04889334143009497341,-0.06321871629569771056,-0.01706443532081172720,0.03022811044392507279,-0.01872521651086427388,0.05329516801749135252,-0.30186474759530013134,-0.00000000000000216852,0.02881264837040383928,0.26749770736670763771,0.00000000000000323697,0.00000000000004254581,-0.03452419872895969716,0.10218781082129602122,0.10686955865547602407,0.00227461405151977575,0.01425774599022959326,-0.02000950703607688730,0.00746200844093173037,0.00000000000000366102,0.06660189660811678680,0.01012843563085569915,0.07086681151940783796,0.12612062076540189737,0.01586477350301029876,-0.03558213223306359169,-0.04144359712611389579,0.02719096848216540074,0.01752745578404569723,0.06866616507826459048,-0.17884831350995847310,-0.07247965855444928052,-0.04069631088699530996,-0.04965438598394555925,0.03756598774877022151,-0.02107126967676576854
0.02562723859644082738,-0.18252748882794184171,-0.00443489980249514495,-0.00511772114433450571,-0.00067224520293004378,-0.00336566362570984295,-1.46975444016440603967,-15.60723821488376472644,-0.76572498735996996633,1.74126385991211196647,18.66485994872647680154,-3.02759412795661075890,-1.80434897224550394590,-12.28360999548317522567,2.61021549056483648243,-0.07539144678172439440,-0.17279374050357490522,-0.08322941489669873072,0.18149361350082221511,0.18527156473076908383,0.25118257256169479463,-0.49846265785714227725,0.20250680132790244148,-0.25802624771241661206,0.00000000000019634319,-0.00000000000010981242,0.00262790322012741110,0.00570554348954284939,0.00574964832602755781,0.03487925160308283368,0.02520991318600440678,-0.05787424049947565569,0.05996178039413516819,-0.00000000000003827326,-0.05097183907308567435,-0.06836126647507846654,-0.00000000000005033206,-0.00000000000036100742,-0.01919810454982827375,-0.05201424873447150349,-0.00088923519353425475,-0.03627427239430882494,0.00438914781981355334,0.00179631527707317011,-0.02139065159174540973,-0.00000000000001336095,-0.00437807704502531179,0.00434777366936460029,-0.10724873490974545787,-0.00504308669748200836,0.08953810055241673282,0.00771321216891898611,0.04506564288350849851,0.02187181976104638631,0.00288964092313341841,-0.01146654521911000951,0.07637134786697145905,0.14629118370263102800,-0.01765802510645395756,-0.03551744353460965786,-0.04377678626034084419,0.02127284301568455396
0.00258027282890278386,-0.08088767068419658313,-0.00528098439529117464,0.00198936003189576502,0.01992989299305805012,0.00791129762035814969,0.26365014983059481546,1.53259103671712826333,-9.75992921286588455132,-0.49295581416957101606,-3.02759412795661075890,19.49957885288894487985,0.60080156339732859738,-1.45670222281255878904,-17.49330683728428681434,0.04878233527937285430,-0.30372407090719089062,-0.40275713653018690996,0.00956090048771911227,0.23093501886965617231,0.10935989898158060551,0.07309811379964331612,0.04589759025844041690,0.03585634276220443090,0.00000000000004769784,-0.00000000000002587199,-0.03429595715045196530,-0.04302898467143730088,-0.10253670226133040910,0.02822288471505107060,0.04690703217607740394,-0.03001965535347628916,0.05466796264275618905,-0.00000000000001083544,-0.02500330717479522236,-0.01803151654358597228,0.00000000000000892869,-0.00000000000006451768,0.03675984344169154483,-0.06158538798901026096,-0.02885443770396292976,-0.01728482963681730530,0.00555978320447453322,-0.00581434901234720997,0.02873692804424592129,0.00000000000000281845,0.00531296195956924931,0.00283223465938189575,-0.04388252205215605745,0.09307095692797558162,0.07608351614855825285,0.02236022771406775272,0.00702772122399205126,0.02837265930981592785,0.03483045938953832632,-0.00681454306459805363,-0.03493107941707582209,0.03312371354627223485,-0.02192522085756875086,-0.01046170499412567637,-0.05181602601452881679,-0.02158096363890243605
0.07554702972886243040,-0.57323134817936427510,0.01389325032420628790,0.00028246178146994704,-0.01728489168620980440,0.00256898808366565591,2.76965997043003220313,2.38631115316719277786,-0.10780024249451945761,-5.70927207272019199280,-1.80434897224550394590,0.60080156339732859738,6.91984315148065398660,0.50214413727085849271,-0.07416959248341148392,-0.55019940320608851092,0.13238946598746023642,-0.24017509614757936998,0.80138221508605089749,-0.56402494423478477525,0.41891819957437020916,-1.53802813244414338101,0.71881660313854256472,-1.03486226971275940834,-0.00000000000001178698,0.00000000000000547336,0.07757367235846766851,0.07100019767153099848,0.02496036424539518905,-0.01453638169765038464,0.01649809543974173343,-0.05686898361628386217,0.52638745948827347920,0.00000000000000248986,-0.01624098937246977806,-0.43363873293750404558,0.00000000000001165421,0.00000000000002205508,0.07833563362260387297,-0.02480529613543819983,-0.06534733433950096204,0.03791258384626797900,-0.05299368450838185668,0.09700134397449480805,0.02970349934289642085,0.00000000000000303406,-0.15523636381998540124,-0.01657477567470027821,-0.04126739909926416955,-0.11255164455365786191,0.02549964873732625883,0.01940684023090006802,-0.00630431457323661279,-0.01533278835407546510,0.01054306962154328772,-0.09844497757799755555,0.10305117835961910555,0.02421229985003392829,0.03466378724059653027,0.06355917073453684618,-0.03493643374595691020,-0.00152136802068248843
-0.01088266348497146131,0.03361082855919809292,-0.00510820528720780462,-0.00692834868353253263,-0.01287059591330660946,0.00014670435886806794,0.01887770595913537339,-8.06996998817117372482,0.20207636123277586404,-0.07612885683374985557,-12.28360999548317522567,-1.45670222281255878904,0.50214413727085849271,37.76947744310985655147,0.14996144281358089745,0.00993461129669373326,0.14738924784624393705,-0.02412221516543774230,-0.04797277872928191328,0.04938549415376834034,-0.07598408688610969186,0.06831529083059133256,-0.03608320929599542065,0.03153896141745594212,0.00000000000009797411,-0.00000000000002375303,0.02954970225312322438,-0.06827299962768489106,0.01233994695389207391,0.05385877863601974680,0.00594410821032079120,0.00102951958814144137,-0.09176571729370634756,-0.00000000000002136973,-0.00891206451764368218,0.10240953263237562165,0.00000000000000185052,-0.00000000000016039740,-0.02523353216178540054,-0.05254241657981696678,-0.03841827444158820576,-0.03598626499044185051,0.00771608439243265300,-0.00917711714429136384,0.01181783437473120021,-0.00000000000000834057,0.01317984934016891950,0.01381805896082606393,-0.06266517941325119856,0.03546934130671735436,0.00479197322492790848,0.00075554053118638109,0.07831070093538862464,-0.02669207033720857880,-0.00056961108188792247,0.01323384208779039388,0.02011471436111577499,0.09340111015736472788,0.01278793737055941744,-0.04779010859393445498,0.03326625073211030015,0.03349934574359383910
0.16947863948365096687,0.00852095643642170573,0.01654233402331338823,0.00309297552517312285,-0.05310085071713079030,-0.01087784855924279863,-0.02441987992661111273,0.54240517904912644020,9.41865559328290125052,-0.05067262278489957639,2.61021549056483648243,-17.49330683728428681434,-0.07416959248341148392,0.14996144281358089745,17.42299886887291293647,-0.05187118123727253033,-0.18097893094830463934,0.54698414762358726904,-0.03629358833317871541,0.02988171173973783179,-0.10304958986246472163,-0.04960515706299893635,-0.24246942426026216189,0.19306879645234129028,-0.00000000000003800006,0.00000000000002869608,0.03220939067730497346,0.01063426391177526784,0.03108884388474932037,-0.02704428168731194682,-0.05674570277849707439,0.01744229387355486147,0.03516962814981931806,0.00000000000000324082,0.02174747766891505646,-0.03210987878780998533,-0.00000000000001168730,0.00000000000004579102,0.01337300263894440448,0.00880105637742451680,-0.08229130029429784776,0.00348482896205069750,0.01673555026496525641,0.00043769244191480948,-0.03096703693518740655,0.00000000000000226356,0.04638036045284566616,-0.00662557269198799266,0.03946642284729728889,-0.15077730964633656585,0.00311373449037746731,-0.03112367042176127432,0.00928430465210525191,-0.04215352781998636666,-0.00996070337223908982,-0.00641035270235061367,-0.07130746795689571482,-0.11370915518238386421,0.01600016129396704401,-0.01617229272543635119,0.01086712794206146082,0.00476776762806708533
-0.00146121757089230533,-0.08690012234215946374,0.00839969405329604735,0.00302998108809463679,0.00158481085865616492,-0.00228659701837039594,-0.25449799572610926068,0.14516165036601610949,-0.06276423531258842892,0.20788125776976326686,-0.07539144678172439440,0.04878233527937285430,-0.55019940320608851092,0.00993461129669373326,-0.05187118123727253033,1.37514510377192755719,-1.88496834980829541806,0.59019757133233852198,-1.87656534821857245987,1.15416084026819998343,-0.01474941972843146938,5.67585831259829198814,1.58133531127044668629,-0.11292013333475943437,0.00000000000006658014,-0.00000000000002647957,0.00010729050014879204,-0.05186771296511868967,-0.03519685544601709737,0.02456254789554886131,0.03275397588233801976,-0.00504237546077292414,-0.02296431366720341066,-0.00000000000001943823,-0.00702074408100176236,0.02758814836542530444,-0.00000000000001162328,-0.00000000000009919081,0.01826949550089818422,-0.02121811480650563977,-0.00769409723514466633,-0.01461024363822741035,0.01060739252660440612,0.02989789704385076644,0.00997618482819766055,-0.00000000000000081146,-0.03198871307544430553,-0.00092985628184114944,-0.00812720403030205672,-0.00750746965189798970,0.03081313623977716826,0.00063277132086005225,0.00632717921527871287,-0.02659757096456736442,-0.01199607372050076268,-0.00288432041760108056,0.01338544127290118915,0.01991727745938477387,-0.00605159247956794672,0.02098460992063138145,0.05143263487654081006,0.00197685141434492074
-0.01282107772572655020,0.14623786162245100417,-0.00949280125621584578,0.01060407231763596352,-0.01549811914891645326,0.01518009102565804139,0.12125471962580479379,-0.35683316711376855679,0.21299068548435767800,0.29654307666401358290,-0.17279374050357490522,-0.30372407090719089062,0.13238946598746023642,0.14738924784624393705,-0.18097893094830463934,-1.88496834980829541806,28.18464759555132559399,-4.00444280313177181085,-1.36257836340525573249,-15.19461874337078555186,-1.69551731092160196113,1.94229800562406462738,-9.13531145310917125357,-1.66495969449588510081,0.00000000000001729177,0.00000000000001606158,-0.01735163312871045374,-0.01466213170555085397,0.03470160098880817334,-0.01336260977865988582,-0.01229752192598308584,0.00870698016232120640,-0.03078815238814323549,-0.00000000000001884908,0.00187032737532094595,0.07666104668510390074,-0.00000000000002164421,-0.00000000000009328996,-0.00894675509156419788,0.02502512943739812479,0.04151317972031515202,0.01734077915378195653,0.00535937892749086420,0.01974835079756218428,-0.01743931969175906843,-0.00000000000000716883,-0.01288994153143671433,0.00549265637640476267,0.07864149931125584414,0.09416926896088768928,-0.12336082170913352518,0.00483324155271461567,0.00613273908443604486,0.02840401626236496030,0.04393609943836947890,-0.01351216087445014820,0.01309336079846287922,-0.02227984634022552035,0.00674107845203057721,-0.04821520701889293881,-0.04124744752589996899,-0.00375622642064503886
0.08836430000159757603,-0.35763605265627379515,0.01139372717007056460,0.01706997179949777330,-0.03298306621746618233,-0.01147569563267685985,-0.16088144882647181788,0.23170203497593480635,0.09940901069382063193,-0.27873787603089178466,-0.08322941489669873072,-0.40275713653018690996,-0.24017509614757936998,-0.02412221516543774230,0.54698414762358726904,0.59019757133233852198,-4.00444280313177181085,2.90072887504633625255,-0.11101529534901433127,2.24726396604627298714,-1.45888842131406604175,0.40277418163291606179,-0.51378389460928530763,5.97491034069149673513,-0.00000000000019213285,0.00000000000010636607,0.01428693288324497761,0.02311651015379313778,-0.00273856572087543496,-0.00264360152092981250,0.03580945857267744947,-0.05542569623671798895,-0.02570654501771564918,0.00000000000004696021,-0.05301662725777173124,-0.01513826273321686872,0.00000000000003243898,0.00000000000035215486,-0.01747394809552790806,0.03502795548807638437,0.01573097467371068620,0.00764884280812744895,0.00146230798918455538,-0.00164065229718880811,-0.01907368859792040600,0.00000000000000729012,0.04016351365380740196,-0.00737340427455996685,-0.01423693914301009909,-0.05875258935257018922,0.04806548118727009544,-0.00967325056924269247,-0.00543805852950327191,-0.03514303460904496385,0.00580728905829211613,-0.01900718583401585574,-0.02214859399086306982,0.02027607069321527705,0.00203365531917663661,0.02655897751754299554,0.02713146585725460802,-0.00785569028227774656
-0.00568423770028614675,0.03848559350362947690,-0.00539868784185399374,0.00216569321323555487,-0.00324576339255479383,-0.00302606989524839684,0.45003502221746799483,-0.19135703195885969685,0.00631893116504541989,-0.57556119684951057014,0.18149361350082221511,0.00956090048771911227,0.80138221508605089749,-0.04797277872928191328,-0.03629358833317871541,-1.87656534821857245987,-1.36257836340525573249,-0.11101529534901433127,4.06062900592138564804,-0.15542777677215344201,0.56117208555229536326,-11.82588581991553589035,0.02062399228187614467,-0.18397782937992249175,-0.00000000000004121006,0.00000000000002514277,0.01424030436642993031,0.05144662052114847006,0.01623538861351545362,-0.02135527740269120220,-0.03754083588598654958,-0.00569590451906752757,0.01847815372298310804,0.00000000000002396429,-0.00629531784437973446,0.01258756530812099247,0.00000000000001054054,0.00000000000007680255,-0.00088376388091361893,0.00190868046439126833,-0.02478165510329540314,0.01676332273864666184,-0.00798927637181584376,-0.01226058135231487302,0.01329006274087262199,0.00000000000000619335,0.00080245301982270929,0.00038744767930722670,-0.00115521647293069063,0.02396003362605050174,-0.00864339063391171038,-0.00811097374413019025,-0.01504608131033766984,0.02387803144743718894,0.00036897220961840571,0.01578130413179977196,-0.08916213608074446961,-0.03317911867222535227,0.01462770013198466494,-0.02228442650187604027,-0.06995425577166786146,-0.00121441139598448683
0.02907102235305419197,-0.19299073825101806245,0.00974830793705682222,-0.01010586457065426776,0.01516767219284654092,-0.00628788650775944855,-0.28830889846380552965,0.09087656163991378322,-0.16062464684822075345,0.15718201865569103592,0.18527156473076908383,0.23093501886965617231,-0.56402494423478477525,0.04938549415376834034,0.02988171173973783179,1.15416084026819998343,-15.19461874337078555186,2.24726396604627298714,-0.15542777677215344201,16.98246347351325269415,3.77965206424899413662,1.51950790667406909762,-11.17091371117979470284,-2.84035778818159734271,-0.00000000000000669534,0.00000000000000293610,0.02176627994934314178,0.02749272980538655653,-0.04441732242254486235,0.00432296008691531678,0.01479351592184730523,-0.03588880104734733928,0.10598957446764013801,0.00000000000000461258,-0.01990508939243686160,-0.19549338485238726415,0.00000000000001388383,0.00000000000004529853,-0.02675296729031945847,-0.05712967182918665676,-0.01561643133301318133,-0.03069201176112939036,0.01583733072228265051,0.00543373681705454966,-0.00390808537662326160,0.00000000000000908340,-0.02591384383464951160,-0.00789384125145705870,-0.02447216709224601244,-0.08822533437598895079,0.06275984966821358813,0.00343733172984328180,-0.01400385290366679830,-0.02064355757951769066,-0.03037444360456994716,0.01077382478667433981,-0.02385017176901768621,0.02205527781079634139,-0.01546471218985162425,0.04762215756225814806,0.04994057243878752272,0.00574853896609215861
-0.01516328524367504052,-0.02852735236478353906,-0.00692037349192564048,-0.00557359282074054632,-0.00924014254324089478,0.00271116683889576588,0.25706878597328536307,-0.35874685163776270924,-0.07061326455074075359,-0.28045714973767638112,0.25118257256169479463,0.10935989898158060551,0.41891819957437020916,-0.07598408688610969186,-0.10304958986246472163,-0.01474941972843146938,-1.69551731092160196113,-1.45888842131406604175,0.56117208555229536326,3.77965206424899413662,5.47806819810928669057,-0.84545500172659027172,-1.68168644456102467366,-12.55186052643320948619,0.00000000000003451326,-0.00000000000002471674,0.02516825335156054610,0.02040016732020547702,0.01630713326014417153,0.02611913781298006235,0.01388063327480489745,0.01288090846379558001,-0.02355382132160097064,-0.00000000000001076340,0.01138032391620966664,0.02689986206625919613,-0.00000000000000658524,-0.00000000000010963224,-0.02226789851092626782,-0.00605152544417898123,0.02750082651874080283,-0.04767717697133603411,0.03527612497665526953,-0.06581257749003122104,-0.01696817026900618655,0.00000000000000042494,0.07740581414300824747,0.00218349333267338786,-0.00620671341370029536,-0.01830945665717605142,-0.05319572346826601655,-0.02287592257321367090,-0.02562839741273992625,0.02776161450784927695,0.00958937079747370150,0.01040456918090140563,-0.00114035121866357309,0.01142532701001352374,0.01126242438133330352,0.01757912956084096284,-0.01397916933551345518,0.01233843021255048335
0.00392854653533704357,-0.31993196892614511606,0.00322448531933634385,-0.00937857412779732891,0.00876385476321626077,0.01000499942312072128,-0.92077299622774588794,0.29691699615784894473,-0.18026638401535516332,1.09042359757729978575,-0.49846265785714227725,0.07309811379964331612,-1.53802813244414338101,0.06831529083059133256,-0.04960515706299893635,5.67585831259829198814,1.94229800562406462738,0.40277418163291606179,-11.82588581991553589035,1.51950790667406909762,-0.84545500172659027172,35.50065514459843996065,1.49159951221974340640,-0.47324045997764974114,-0.00000000000002080373,0.00000000000001009546,0.00069789078197378320,-0.14913813654882898674,-0.05437484431877079999,0.07614720532267142683,0.10323824681817445059,-0.02065225281326962814,0.15945425960092879381,-0.00000000000002505610,-0.00109972876142409512,-0.21111751025604544307,-0.00000000000000973915,0.00000000000007653263,0.02671755711083900753,-0.02313854811075640242,0.07469520123580601634,-0.06945585653692834538,0.04134160254023991343,0.01074695722856824388,-0.04782582683556390463,0.00000000000000411428,-0.00956202369829109444,-0.00514922536866640849,0.01643338822139594688,-0.07902196291323010380,0.03246080942170299910,0.02349024641976234576,0.02477449486762825503,-0.03482558093010289235,-0.00447978979828658405,-0.07579853548635685778,0.30859465156170695632,0.11826600194205158512,-0.05237905902736933461,0.10563715441405036044,0.18923283858102213362,0.00523300907815901165
-0.05958332504601176333,0.20256443750636032863,-0.00134847616184875937,-0.01028013210489250699,0.00200453227660251070,-0.00318102185341934260,0.31732542953140796538,-0.37624803099963649577,-0.22940585735394847244,-0.46468173851697242016,0.20250680132790244148,0.04589759025844041690,0.71881660313854256472,-0.03608320929599542065,-0.24246942426026216189,1.58133531127044668629,-9.13531145310917125357,-0.51378389460928530763,0.02062399228187614467,-11.17091371117979470284,-1.68168644456102467366,1.49159951221974340640,37.97951155099179487706,-1.37108147419563120017,0.00000000000000761999,-0.00000000000001046372,0.00813643059950488502,-0.05978039268437644604,0.00362791119593818467,0.04988584290729608517,0.01031636395642216916,0.07150476583296691557,-0.15276364815980950085,0.00000000000000513910,0.05242821344144905915,0.22616380854338141715,-0.00000000000001178104,-0.00000000000003394276,0.04654838432218484645,0.03113913642940734430,0.00907972145960918818,-0.01878451400265775811,-0.00083698570330500511,0.01455581981036327757,0.00808999018125925590,0.00000000000000026684,-0.06714649593353531898,0.00297367678803042365,-0.01963278247856157371,0.02612687941013989643,-0.01432052719358004739,-0.02011752353899116247,-0.01897839131073737404,0.07773944423016916627,0.04521370379013230772,-0.03560399790399354503,-0.02521000559780996880,0.02442718305971587969,0.01293229176362192985,-0.00896606085206020503,-0.02562140220743649305,-0.00823373248330308907
-0.00053086760162514616,0.03565033885513491790,-0.00767058958389640541,-0.01558936946230368367,0.02176381767282449878,0.00588869679363512432,-0.60456387890323715073,0.36938207667671446588,0.15320056396065839799,0.89703622524435400187,-0.25802624771241661206,0.03585634276220443090,-1.03486226971275940834,0.03153896141745594212,0.19306879645234129028,-0.11292013333475943437,-1.66495969449588510081,5.97491034069149673513,-0.18397782937992249175,-2.84035778818159734271,-12.55186052643320948619,-0.47324045997764974114,-1.37108147419563120017,37.89366801903867809642,0.00000000000001162581,-0.00000000000001181237,0.01957882214753176378,0.03704349118209229047,0.04040713833545889894,-0.01416865127431302454,-0.00121801825218710905,-0.04358051984705668680,0.22062351251535805563,0.00000000000001677578,-0.01994423062358782056,-0.25954495432560653612,0.00000000000000785639,0.00000000000007414029,-0.00135752503052024285,0.00221488639503533919,0.03440404975988036601,0.03685645411130774457,-0.00216298312254217156,-0.04484802600642821824,-0.00509124825485192736,0.00000000000001168609,0.14585071590510059747,0.01287264764108363331,-0.01915755625988225033,0.00069862432075918344,0.01815604763589688878,0.00655578287400483857,-0.00387414318456304457,-0.01722769379634763939,-0.00438432733338178868,0.01049338164218393231,-0.02072072671206941913,0.00839244706239587746,-0.01317749323649251500,-0.00814885780867407629,0.01432887824007433517,-0.01190658137073720597
-0.00000000000000003339,-0.00000000000009608020,-0.00000000000001622069,-0.00000000000000673033,0.00000000000000067193,-0.00000000000000043220,-0.00000000000003106818,0.00000000000012212853,0.00000000000015906163,-0.00000000000001444338,0.00000000000019634319,0.00000000000004769784,-0.00000000000001178698,0.00000000000009797411,-0.00000000000003800006,0.00000000000006658014,0.00000000000001729177,-0.00000000000019213285,-0.00000000000004121006,-0.00000000000000669534,0.00000000000003451326,-0.00000000000002080373,0.00000000000000761999,0.00000000000001162581,44.66970518448986382509,0.00000000000001643130,0.00000000000000350976,-0.00000000000001813101,0.00000000000005722928,0.00000000000001226763,0.00000000000001997337,0.00000000000007940304,0.00000000000002075028,0.00000000000001398881,0.00000000000008331812,0.00000000000002898995,0.00000000000000239045,-0.00000000000002000310,-0.00000000000001984518,-0.00000000000001858034,0.00000000000000533989,-0.00000000000002158652,-0.00000000000000503027,-0.00000000000001514365,-0.00000000000005244083,0.00000000000002307312,0.00000000000000193817,0.00000000000007016454,-0.00000000000004301025,0.00000000000000715234,0.00000000000004880780,-0.00000000000000091887,0.00000000000002009025,-0.00000000000001398306,-0.00000000000000745349,0.00000000000003969358,-0.00000000000007505980,-0.00000000000018871477,0.00000000000003409075,-0.00000000000001498619,0.00000000000000478837,-0.00000000000004603832
-0.00000000000000001994,0.00000000000006597660,0.00000000000000960200,0.00000000000000480191,-0.00000000000000093240,-0.00000000000000072267,0.00000000000002859730,-0.00000000000005747630,-0.00000000000009216363,0.00000000000001406105,-0.00000000000010981242,-0.00000000000002587199,0.00000000000000547336,-0.00000000000002375303,0.00000000000002869608,-0.00000000000002647957,0.00000000000001606158,0.00000000000010636607,0.00000000000002514277,0.00000000000000293610,-0.00000000000002471674,0.00000000000001009546,-0.00000000000001046372,-0.00000000000001181237,0.00000000000001643130,44.66970518448987803595,-0.00000000000000030049,0.00000000000001314394,-0.00000000000002871447,-0.00000000000000732449,-0.00000000000002799725,-0.00000000000006543071,-0.00000000000002163370,-0.00000000000001776357,-0.00000000000005045559,-0.00000000000002065195,0.00000000000000252576,0.00000000000002375877,0.00000000000000311679,0.00000000000001228984,0.00000000000000384032,0.00000000000001418540,-0.00000000000000602777,0.00000000000000988912,0.00000000000003820925,-0.00000000000000306699,-0.00000000000000175611,-0.00000000000004327211,0.00000000000002534541,-0.00000000000000741806,-0.00000000000002100020,0.00000000000000102960,-0.00000000000001293103,0.00000000000001015699,0.00000000000000236368,-0.00000000000001313519,0.00000000000004552947,0.00000000000011140452,-0.00000000000002213616,0.00000000000000246369,-0.00000000000001295102,0.00000000000002473856
-0.00242260695149736690,-0.02849582032933784675,-0.00129722861341165902,-0.00174944195258924058,0.00249430741134645372,-0.00012607353360930378,0.02313452467369100929,-0.07282184654361111009,-0.00755234730649681843,-0.04889334143009497341,0.00262790322012741110,-0.03429595715045196530,0.07757367235846766851,0.02954970225312322438,0.03220939067730497346,0.00010729050014879204,-0.01735163312871045374,0.01428693288324497761,0.01424030436642993031,0.02176627994934314178,0.02516825335156054610,0.00069789078197378320,0.00813643059950488502,0.01957882214753176378,0.00000000000000350976,-0.00000000000000030049,0.03316754679853636117,-0.00875470609672531278,-0.00141605528747353678,-0.00063453653658159274,0.00157998628324415645,-0.00070391489228987798,-0.02172559165793997230,0.00000000000000367178,-0.00341420350707998758,0.02713399505290371369,0.00000000000000472253,0.00000000000001399931,-0.01390554010716877481,-0.00077432965494481803,-0.00134693577540371092,0.00791326902188535866,-0.00032629416423427752,0.01029237753926374316,0.00581545593480858360,0.00000000000000324229,-0.01717166266323440910,-0.00163039872694753876,-0.01014448635405728293,-0.00537667187433850304,0.01040780834920482061,-0.00135717619864353205,0.00700485418595524732,-0.00409590704627594941,-0.00200923843495350550,0.00315665532818106475,0.00611558148479025756,0.00482120393621766723,-0.00107142249312330872,0.00188262893388971547,0.00229645884926083345,-0.00010062424599564257
