0.25335184363145163422,0.11090160117685268770,-0.01123391302399002166,0.06875502878691119868,-0.12934546171279454052,0.03427184508605679580
0.11090160117685268770,0.19796382501147521960,0.00797328011211540302,0.09600387136689442213,-0.08722707529843863605,-0.01643784922220479366
-0.01123391302399002166,0.00797328011211540302,0.05883092726863480698,-0.01019606000940202761,0.00576197247915580940,0.00655792246532627306
0.06875502878691119868,0.09600387136689442213,-0.01019606000940202761,0.05804543495793459268,-0.05205252105433259141,-0.01072096294770681982
-0.12934546171279454052,-0.08722707529843863605,0.00576197247915580940,-0.05205252105433259141,0.08899823639649763474,-0.02386179366171681943
0.03427184508605679580,-0.01643784922220479366,0.00655792246532627306,-0.01072096294770681982,-0.02386179366171681943,0.06458117560992537864
