0.00631608110210308757,-0.00243736545547310751,0.00200065705381303463,-0.00148487260696701455,-0.00293774934435625003,-0.00252602198922849668
-0.00243736545547310751,0.01653214288367462620,0.00239399670868691277,0.00722248349476933664,0.00185273160949955308,-0.00722605661788905309
0.00200065705381303463,0.00239399670868691277,0.00930528118346971023,0.00182205175925645663,-0.00229227909568507134,0.00141893356700907190
-0.00148487260696701455,0.00722248349476933664,0.00182205175925645663,0.00365512169252088038,0.00082304315726873555,-0.00327499634241226788
-0.00293774934435625003,0.00185273160949955308,-0.00229227909568507134,0.00082304315726873555,0.00189844119220592723,0.00069756767181197699
-0.00252602198922849668,-0.00722605661788905309,0.00141893356700907190,-0.00327499634241226788,0.00069756767181197699,0.01710371161539641846
