0.00432045082352150618,-0.00094375958521188152,-0.00026691175447399597,0.00025196924221290869,-0.00202441763636534121,0.00035752608776137341
-0.00094375958521188152,0.00660699529870662633,0.00057730511303892400,0.00220194643166718614,-0.00001818552543223384,0.00170574087940353401
-0.00026691175447399597,0.00057730511303892400,0.00109206993868756820,0.00015022821270434415,0.00012504107260960805,0.00057708003617032368
0.00025196924221290869,0.00220194643166718614,0.00015022821270434415,0.00165609068287230366,-0.00041712963177747628,-0.00086062845145586293
-0.00202441763636534121,-0.00001818552543223384,0.00012504107260960805,-0.00041712963177747628,0.00139363579511581027,-0.00054866554795819709
0.00035752608776137341,0.00170574087940353401,0.00057708003617032368,-0.00086062845145586293,-0.00054866554795819709,0.00925403860536569076
