0.00010794746094016068,-0.00008720216951649363,0.00000996719166971067,-0.00005140079937499963,0.00001213618548261699,-0.00017377759464022984
-0.00008720216951649363,0.00034444975380275446,-0.00003312740307496065,0.00005831989327576089,0.00002647096224566950,0.00026193335163796831
0.00000996719166971067,-0.00003312740307496065,0.00000395834084272055,-0.00000496292196861280,-0.00000296424488035056,-0.00003156827739038083
-0.00005140079937499963,0.00005831989327576089,-0.00000496292196861280,0.00008053877511486373,-0.00000817054564540130,0.00008284007230270415
0.00001213618548261699,0.00002647096224566950,-0.00000296424488035056,-0.00000817054564540130,0.00003294563357106787,0.00001631554970926333
-0.00017377759464022984,0.00026193335163796831,-0.00003156827739038083,0.00008284007230270415,0.00001631554970926333,0.00071926613651335279
