0.00200405025283706146,0.00238722788110873416,-0.00014015158597040789,-0.00020182795068887760,-0.00010486717963721111,0.00075749745941625763
0.00238722788110873416,0.00752152298805765576,-0.00055752534493746348,-0.00025677624099318158,-0.00038199623315467998,0.00303314130433867454
-0.00014015158597040789,-0.00055752534493746348,0.00006635760693314974,0.00001733749925457736,0.00003673632650199107,-0.00041763172186559861
-0.00020182795068887760,-0.00025677624099318158,0.00001733749925457736,0.00052267004128167267,-0.00008219508215484034,0.00022205886255906586
-0.00010486717963721111,-0.00038199623315467998,0.00003673632650199107,-0.00008219508215484034,0.00028682470646696070,0.00011008091178742784
0.00075749745941625763,0.00303314130433867454,-0.00041763172186559861,0.00022205886255906586,0.00011008091178742784,0.00732814595566639269
