0.24020739657371137366,0.22715266325463490116,-0.02504126216457403312,0.13156648877661422659,-0.14421470620290730014,0.01363241339127480717
0.22715266325463490116,0.55527210532716775315,-0.00471351771083938775,0.28350741050715849711,-0.17560107739357050383,-0.07013947595359423803
-0.02504126216457403312,-0.00471351771083938775,0.12841795600695460333,-0.05744839701513117236,0.02346274629532983658,0.02405089647533945746
0.13156648877661422659,0.28350741050715849711,-0.05744839701513117236,0.17922359840664156549,-0.10442060456491907006,-0.04883557056264794388
-0.14421470620290730014,-0.17560107739357050383,0.02346274629532983658,-0.10442060456491907006,0.10494167314653032874,-0.00768273500640237125
0.01363241339127480717,-0.07013947595359423803,0.02405089647533945746,-0.04883557056264794388,-0.00768273500640237125,0.08893308407238628699
