0.09109249269710568975,-0.02142862074989430529,0.00243393528273773332,-0.01520719718405015575,-0.05919990950231250604,0.03226544265127927885
-0.02142862074989430529,0.00929493230732496116,0.00103495738261487162,0.00393258902544606909,0.01322594926170063759,-0.00766173711570072857
0.00243393528273773332,0.00103495738261487162,0.01024095670643762612,0.00127147053835441511,-0.00251371914812722683,-0.00033563507109915058
-0.01520719718405015575,0.00393258902544606909,0.00127147053835441511,0.00359202344370247858,0.00977031729206155782,-0.00878209818602754266
-0.05919990950231250604,0.01322594926170063759,-0.00251371914812722683,0.00977031729206155782,0.03879712145161862136,-0.02159739913109168241
0.03226544265127927885,-0.00766173711570072857,-0.00033563507109915058,-0.00878209818602754266,-0.02159739913109168241,0.05449946324849156559
