0.28733920401492912822,0.06426183756303094352,0.01839676838074896792,0.03298730749668628975,-0.16340379774237429045,-0.03221533492784945524
0.06426183756303094352,0.14149207863176194166,0.01929889887671032422,0.06833294311747609151,-0.03461593630154273515,-0.06841654340284471225
0.01839676838074896792,0.01929889887671032422,0.03238803676695341249,0.01408901279898691628,-0.01409171225083157876,-0.01610565316829704399
0.03298730749668628975,0.06833294311747609151,0.01408901279898691628,0.03518558345056680553,-0.01986318769100062914,-0.03495856354444165648
-0.16340379774237429045,-0.03461593630154273515,-0.01409171225083157876,-0.01986318769100062914,0.09555931265982767209,0.01662738678344048704
-0.03221533492784945524,-0.06841654340284471225,-0.01610565316829704399,-0.03495856354444165648,0.01662738678344048704,0.05476914387801998241
