0.09538586767770508568,0.01206195233567164231,0.00010463843824870186,0.00808520187049644769,-0.04202527508892035107,0.01658177801743717511
0.01206195233567164231,0.15537992168505837531,0.02135836401808815371,0.06282483506887925895,-0.02107772374505112109,-0.01910378232669285303
0.00010463843824870186,0.02135836401808815371,0.09127614356055972766,-0.02572077928652457407,0.00480743383333073759,0.00985024896671280251
0.00808520187049644769,0.06282483506887925895,-0.02572077928652457407,0.04917110147216272736,-0.01522825080370618367,-0.01606044608217289255
-0.04202527508892035107,-0.02107772374505112109,0.00480743383333073759,-0.01522825080370618367,0.03295603201339020183,-0.01400052103066857893
0.01658177801743717511,-0.01910378232669285303,0.00985024896671280251,-0.01606044608217289255,-0.01400052103066857893,0.06219655247458708014
