0.00654056115282157947,-0.00521242383150763346,0.00229263310290428977,-0.00197172772109260701,-0.00348622288625768419,-0.00498134534761596713
-0.00521242383150763346,0.02118788724360804593,-0.00078942192705256406,0.00754764082944086884,0.00346669931863137449,-0.00740191496785520559
0.00229263310290428977,-0.00078942192705256406,0.00559120245942181480,0.00039264715040793262,-0.00191074412563767390,0.00024504161057285973
-0.00197172772109260701,0.00754764082944086884,0.00039264715040793262,0.00313549642103174873,0.00123330862074947701,-0.00270340065756720545
-0.00348622288625768419,0.00346669931863137449,-0.00191074412563767390,0.00123330862074947701,0.00217312589827498449,0.00244334946695736301
-0.00498134534761596713,-0.00740191496785520559,0.00024504161057285973,-0.00270340065756720545,0.00244334946695736301,0.02167463407974954889
