0.04946116899735229777,0.02575112395114096883,-0.01469515393755789837,0.01206931617524502690,-0.02906791714005480323,-0.00006048491976264991
0.02575112395114096883,0.04136313492762115629,-0.00500878503274139377,0.02325221110100210431,-0.01891190752159116820,-0.00614481597071805680
-0.01469515393755789837,-0.00500878503274139377,0.01689035113996825016,-0.00311380436220490102,0.00887277795264042671,0.00357259737324851006
0.01206931617524502690,0.02325221110100210431,-0.00311380436220490102,0.01433942543397280674,-0.01059850364554217571,-0.00323968982828936290
-0.02906791714005480323,-0.01891190752159116820,0.00887277795264042671,-0.01059850364554217571,0.01958916821030267860,-0.00102369738590872973
-0.00006048491976264991,-0.00614481597071805680,0.00357259737324851006,-0.00323968982828936290,-0.00102369738590872973,0.01664946233273203666
