0.01235665289059218255,0.00853793643111843033,-0.00336379464876261896,0.00978627898678528611,-0.00595750246013150402,0.00369022853722407321
0.00853793643111843033,0.03396559322114236362,-0.00438869166120020408,0.02297079367762900476,-0.00449240723197299758,0.00632029501086157387
-0.00336379464876261896,-0.00438869166120020408,0.00763610526344204489,-0.00514380736953496884,0.00082662901846048439,-0.00005113216812063608
0.00978627898678528611,0.02297079367762900476,-0.00514380736953496884,0.01788333245896408033,-0.00489469470388384856,0.00392600712452345797
-0.00595750246013150402,-0.00449240723197299758,0.00082662901846048439,-0.00489469470388384856,0.00339051891570473982,-0.00178386414103688228
0.00369022853722407321,0.00632029501086157387,-0.00005113216812063608,0.00392600712452345797,-0.00178386414103688228,0.00575914846550391098
