0.02138621380833677366,0.01338962403552052330,0.00052123549040729354,0.00390255029120725565,-0.00923405587872528320,-0.00574606679473973255
0.01338962403552052330,0.03066254549768475390,0.00016303766511675019,0.00747948885536070269,-0.00530322747580588057,-0.00331591162920628207
0.00052123549040729354,0.00016303766511675019,0.00103311183689689442,0.00009023301785155976,-0.00041628522716334810,0.00009364440007365247
0.00390255029120725565,0.00747948885536070269,0.00009023301785155976,0.00238286335137195132,-0.00185927915151747037,-0.00005166129828418592
-0.00923405587872528320,-0.00530322747580588057,-0.00041628522716334810,-0.00185927915151747037,0.00492745060649381252,0.00271913364621574182
-0.00574606679473973255,-0.00331591162920628207,0.00009364440007365247,-0.00005166129828418592,0.00271913364621574182,0.00809236093989494122
