0.00013606681161779747,-0.00014625385490083437,0.00001716815773650129,-0.00009153690295497143,0.00002922986422538649,-0.00019835155575074188
-0.00014625385490083437,0.00041063529503639550,-0.00004342856990556253,0.00013195450082072844,-0.00000608279391198432,0.00032273481163954141
0.00001716815773650129,-0.00004342856990556253,0.00000535212730817661,-0.00001417281373513397,0.00000088852913873526,-0.00003878345975404331
-0.00009153690295497143,0.00013195450082072844,-0.00001417281373513397,0.00011966063019352088,-0.00002479928358646106,0.00013118901098079048
0.00002922986422538649,-0.00000608279391198432,0.00000088852913873526,-0.00002479928358646106,0.00003366415405576017,-0.00000747567667501117
-0.00019835155575074188,0.00032273481163954141,-0.00003878345975404331,0.00013118901098079048,-0.00000747567667501117,0.00069895083969374482
