0.00836906476117875615,-0.00360540676088654238,0.00220796753419025054,-0.00401673916668336250,-0.00537406227000263980,0.00381386927569642240
-0.00360540676088654238,0.00769896494312025115,-0.00145245433820583632,0.00404130678024545130,0.00253429180847252258,0.00365540925247487703
0.00220796753419025054,-0.00145245433820583632,0.00732362299662032458,-0.00018335781348315810,-0.00130937703179265404,0.00315901256405159113
-0.00401673916668336250,0.00404130678024545130,-0.00018335781348315810,0.00382875731827703831,0.00294736823324768735,0.00093648087177189312
-0.00537406227000263980,0.00253429180847252258,-0.00130937703179265404,0.00294736823324768735,0.00388501003322351459,-0.00320548415411987721
0.00381386927569642240,0.00365540925247487703,0.00315901256405159113,0.00093648087177189312,-0.00320548415411987721,0.01790737939509035731
