0.00269314468353497793,0.00027401907671609227,-0.00009171886296749892,0.00006782333548924637,0.00014461147682337538,0.00190014335937205075
0.00027401907671609227,0.00111530280152967107,0.00000076181771249951,-0.00014656556408944210,-0.00001596384487359618,0.00131602710680406364
-0.00009171886296749892,0.00000076181771249951,0.00001064435614086665,-0.00000923321296900667,-0.00000775778445544317,-0.00003447195399228824
0.00006782333548924637,-0.00014656556408944210,-0.00000923321296900667,0.00006551501672070773,-0.00001355624335330092,0.00000629619250225683
0.00014461147682337538,-0.00001596384487359618,-0.00000775778445544317,-0.00001355624335330092,0.00011337099621758821,0.00019680775893470679
0.00190014335937205075,0.00131602710680406364,-0.00003447195399228824,0.00000629619250225683,0.00019680775893470679,0.00572470768738907263
