0.11502093330045889963,0.06244458330048670291,0.00216895839274778863,0.02026984303936313347,-0.04302885914142953044,0.05418705276949879746
0.06244458330048670291,0.12564676333506774597,0.00255079405733578835,0.04442195061516471949,-0.04338259569863723436,0.00000162043714740674
0.00216895839274778863,0.00255079405733578835,0.00095903754365383358,-0.00112382830444179762,0.00019509348509400871,0.00703669060706894629
0.02026984303936313347,0.04442195061516471949,-0.00112382830444179762,0.02097134126735627005,-0.01834574730837542494,-0.02121801043245047716
-0.04302885914142953044,-0.04338259569863723436,0.00019509348509400871,-0.01834574730837542494,0.02403057121828299642,-0.00989136184283018020
0.05418705276949879746,0.00000162043714740674,0.00703669060706894629,-0.02121801043245047716,-0.00989136184283018020,0.26584366777051438024
